Failed transactions found: 120
Generated: 2026-05-07T17:30:45.001863


2026-04-15:
  1137765

2026-04-24:
  1126331

2026-04-29:
  1131301
  1132025

2026-04-30:
  1130959

2026-05-01:
  1135455

2026-05-02:
  1136192
  1136203
  1136945
  1136957
  1136960
  1136970
  1136976
  1136993
  1136998
  1137018
  1137028
  1137031
  1137050
  1137055
  1138056
  1138185
  1138186
  1138198
  1138199
  1138222
  1138228
  1138238
  1138239
  1138250
  1138263
  1138267
  1138268
  1138283
  1138300
  1138301
  1138323
  1138324
  1138682
  1139470
  1139478
  1139484
  1139490
  1139494
  1139514
  1139521
  1139530
  1139532
  1139534
  1139543
  1139548
  1139556
  1139560
  1139578
  1139583
  1139584
  1139594
  1139606
  1139608
  1139630
  1139633
  1139639
  1140079
  1140324
  1140325
  1140326
  1140332
  1140342
  1140345
  1140347
  1140348
  1140355
  1140364
  1140371
  1140378
  1140384
  1140387
  1140389

2026-05-03:
  1136196

2026-05-04:
  1136243
  1136293
  1136295
  1136297
  1136387
  1136478
  1136479
  1136480
  1136482
  1136483
  1136484
  1136485
  1136486
  1136487
  1136488
  1136489
  1136490
  1136491
  1136492
  1136493
  1136494

2026-05-05:
  1137418
  1137438
  1137477
  1137507
  1137534
  1137565
  1137600
  1137662
  1137663
  1137664
  1137665
  1137666
  1137667
  1137668
  1137669
  1137670
  1137671
  1137672
  1137673

2026-05-06:
  1138745
